/*--------------------------------*- C++ -*----------------------------------*\
| =========                 |                                                 |
| \\      /  F ield         | OpenFOAM: The Open Source CFD Toolbox           |
|  \\    /   O peration     | Version:  5.x                                   |
|   \\  /    A nd           | Web:      www.OpenFOAM.org                      |
|    \\/     M anipulation  |                                                 |
\*---------------------------------------------------------------------------*/
FoamFile
{
    version     2.0;
    format      binary;
    class       faceSet;
    location    "constant/polyMesh/sets";
    object      couple2FaceSet;
}
// * * * * * * * * * * * * * * * * * * * * * * * * * * * * * * * * * * * * * //


5565
(
4079616 
4079617 
4079618 
4079619 
4079620 
4079621 
4079622 
4079623 
4079624 
4079625 
4079626 
4079627 
4079628 
4079629 
4079630 
4079631 
4079632 
4079633 
4079634 
4079635 
4079636 
4079637 
4079638 
4079639 
4079640 
4079641 
4079642 
4079643 
4079644 
4079645 
4079646 
4079647 
4079648 
4079649 
4079650 
4079651 
4079652 
4079653 
4079654 
4079655 
4079656 
4079657 
4079658 
4079659 
4079660 
4079661 
4079662 
4079663 
4079664 
4079665 
4079666 
4079667 
4079668 
4079669 
4079670 
4079671 
4079672 
4079673 
4079674 
4079675 
4079676 
4079677 
4079678 
4079679 
4079680 
4079681 
4079682 
4079683 
4079684 
4079685 
4079686 
4079687 
4079688 
4079689 
4079690 
4079691 
4079692 
4079693 
4079694 
4079695 
4079696 
4079697 
4079698 
4079699 
4079700 
4079701 
4079702 
4079703 
4079704 
4079705 
4079706 
4079707 
4079708 
4079709 
4079710 
4079711 
4079712 
4079713 
4079714 
4079715 
4079716 
4079717 
4079718 
4079719 
4079720 
4079721 
4079722 
4079723 
4079724 
4079725 
4079726 
4079727 
4079728 
4079729 
4079730 
4079731 
4079732 
4079733 
4079734 
4079735 
4079736 
4079737 
4079738 
4079739 
4079740 
4079741 
4079742 
4079743 
4079744 
4079745 
4079746 
4079747 
4079748 
4079749 
4079750 
4079751 
4079752 
4079753 
4079754 
4079755 
4079756 
4079757 
4079758 
4079759 
4079760 
4079761 
4079762 
4079763 
4079764 
4079765 
4079766 
4079767 
4079768 
4079769 
4079770 
4079771 
4079772 
4079773 
4079774 
4079775 
4079776 
4079777 
4079778 
4079779 
4079780 
4079781 
4079782 
4079783 
4079784 
4079785 
4079786 
4079787 
4079788 
4079789 
4079790 
4079791 
4079792 
4079793 
4079794 
4079795 
4079796 
4079797 
4079798 
4079799 
4079800 
4079801 
4079802 
4079803 
4079804 
4079805 
4079806 
4079807 
4079808 
4079809 
4079810 
4079811 
4079812 
4079813 
4079814 
4079815 
4079816 
4079817 
4079818 
4079819 
4079820 
4079821 
4079822 
4079823 
4079824 
4079825 
4079826 
4079827 
4079828 
4079829 
4079830 
4079831 
4079832 
4079833 
4079834 
4079835 
4079836 
4079837 
4079838 
4079839 
4079840 
4079841 
4079842 
4079843 
4079844 
4079845 
4079846 
4079847 
4079848 
4079849 
4079850 
4079851 
4079852 
4079853 
4079854 
4079855 
4079856 
4079857 
4079858 
4079859 
4079860 
4079861 
4079862 
4079863 
4079864 
4079865 
4079866 
4079867 
4079868 
4079869 
4079870 
4079871 
4079872 
4079873 
4079874 
4079875 
4079876 
4079877 
4079878 
4079879 
4079880 
4079881 
4079882 
4079883 
4079884 
4079885 
4079886 
4079887 
4079888 
4079889 
4079890 
4079891 
4079892 
4079893 
4079894 
4079895 
4079896 
4079897 
4079898 
4079899 
4079900 
4079901 
4079902 
4079903 
4079904 
4079905 
4079906 
4079907 
4079908 
4079909 
4079910 
4079911 
4079912 
4079913 
4079914 
4079915 
4079916 
4079917 
4079918 
4079919 
4079920 
4079921 
4079922 
4079923 
4079924 
4079925 
4079926 
4079927 
4079928 
4079929 
4079930 
4079931 
4079932 
4079933 
4079934 
4079935 
4079936 
4079937 
4079938 
4079939 
4079940 
4079941 
4079942 
4079943 
4079944 
4079945 
4079946 
4079947 
4079948 
4079949 
4079950 
4079951 
4079952 
4079953 
4079954 
4079955 
4079956 
4079957 
4079958 
4079959 
4079960 
4079961 
4079962 
4079963 
4079964 
4079965 
4079966 
4079967 
4079968 
4079969 
4079970 
4079971 
4079972 
4079973 
4079974 
4079975 
4079976 
4079977 
4079978 
4079979 
4079980 
4079981 
4079982 
4079983 
4079984 
4079985 
4079986 
4079987 
4079988 
4079989 
4079990 
4079991 
4079992 
4079993 
4079994 
4079995 
4079996 
4079997 
4079998 
4079999 
4080000 
4080001 
4080002 
4080003 
4080004 
4080005 
4080006 
4080007 
4080008 
4080009 
4080010 
4080011 
4080012 
4080013 
4080014 
4080015 
4080016 
4080017 
4080018 
4080019 
4080020 
4080021 
4080022 
4080023 
4080024 
4080025 
4080026 
4080027 
4080028 
4080029 
4080030 
4080031 
4080032 
4080033 
4080034 
4080035 
4080036 
4080037 
4080038 
4080039 
4080040 
4080041 
4080042 
4080043 
4080044 
4080045 
4080046 
4080047 
4080048 
4080049 
4080050 
4080051 
4080052 
4080053 
4080054 
4080055 
4080056 
4080057 
4080058 
4080059 
4080060 
4080061 
4080062 
4080063 
4080064 
4080065 
4080066 
4080067 
4080068 
4080069 
4080070 
4080071 
4080072 
4080073 
4080074 
4080075 
4080076 
4080077 
4080078 
4080079 
4080080 
4080081 
4080082 
4080083 
4080084 
4080085 
4080086 
4080087 
4080088 
4080089 
4080090 
4080091 
4080092 
4080093 
4080094 
4080095 
4080096 
4080097 
4080098 
4080099 
4080100 
4080101 
4080102 
4080103 
4080104 
4080105 
4080106 
4080107 
4080108 
4080109 
4080110 
4080111 
4080112 
4080113 
4080114 
4080115 
4080116 
4080117 
4080118 
4080119 
4080120 
4080121 
4080122 
4080123 
4080124 
4080125 
4080126 
4080127 
4080128 
4080129 
4080130 
4080131 
4080132 
4080133 
4080134 
4080135 
4080136 
4080137 
4080138 
4080139 
4080140 
4080141 
4074577 
4074578 
4074579 
4074580 
4074581 
4074582 
4074583 
4074584 
4074585 
4074586 
4074587 
4074588 
4074589 
4074590 
4074591 
4074592 
4074593 
4074594 
4074595 
4074596 
4074597 
4074598 
4074599 
4074600 
4074601 
4074602 
4074603 
4074604 
4074605 
4074606 
4074607 
4074608 
4074609 
4074610 
4074611 
4074612 
4074613 
4074614 
4074615 
4074616 
4074617 
4074618 
4074619 
4074620 
4074621 
4074622 
4074623 
4074624 
4074625 
4074626 
4074627 
4074628 
4074629 
4074630 
4074631 
4074632 
4074633 
4074634 
4074635 
4074636 
4074637 
4074638 
4074639 
4074640 
4074641 
4074642 
4074643 
4074644 
4074645 
4074646 
4074647 
4074648 
4074649 
4074650 
4074651 
4074652 
4074653 
4074654 
4074655 
4074656 
4074657 
4074658 
4074659 
4074660 
4074661 
4074662 
4074663 
4074664 
4074665 
4074666 
4074667 
4074668 
4074669 
4074670 
4074671 
4074672 
4074673 
4074674 
4074675 
4074676 
4074677 
4074678 
4074679 
4074680 
4074681 
4074682 
4074683 
4074684 
4074685 
4074686 
4074687 
4074688 
4074689 
4074690 
4074691 
4074692 
4074693 
4074694 
4074695 
4074696 
4074697 
4074698 
4074699 
4074700 
4074701 
4074702 
4074703 
4074704 
4074705 
4074706 
4074707 
4074708 
4074709 
4074710 
4074711 
4074712 
4074713 
4074714 
4074715 
4074716 
4074717 
4074718 
4074719 
4074720 
4074721 
4074722 
4074723 
4074724 
4074725 
4074726 
4074727 
4074728 
4074729 
4074730 
4074731 
4074732 
4074733 
4074734 
4074735 
4074736 
4074737 
4074738 
4074739 
4074740 
4074741 
4074742 
4074743 
4074744 
4074745 
4074746 
4074747 
4074748 
4074749 
4074750 
4074751 
4074752 
4074753 
4074754 
4074755 
4074756 
4074757 
4074758 
4074759 
4074760 
4074761 
4074762 
4074763 
4074764 
4074765 
4074766 
4074767 
4074768 
4074769 
4074770 
4074771 
4074772 
4074773 
4074774 
4074775 
4074776 
4074777 
4074778 
4074779 
4074780 
4074781 
4074782 
4074783 
4074784 
4074785 
4074786 
4074787 
4074788 
4074789 
4074790 
4074791 
4074792 
4074793 
4074794 
4074795 
4074796 
4074797 
4074798 
4074799 
4074800 
4074801 
4074802 
4074803 
4074804 
4074805 
4074806 
4074807 
4074808 
4074809 
4074810 
4074811 
4074812 
4074813 
4074814 
4074815 
4074816 
4074817 
4074818 
4074819 
4074820 
4074821 
4074822 
4074823 
4074824 
4074825 
4074826 
4074827 
4074828 
4074829 
4074830 
4074831 
4074832 
4074833 
4074834 
4074835 
4074836 
4074837 
4074838 
4074839 
4074840 
4074841 
4074842 
4074843 
4074844 
4074845 
4074846 
4074847 
4074848 
4074849 
4074850 
4074851 
4074852 
4074853 
4074854 
4074855 
4074856 
4074857 
4074858 
4074859 
4074860 
4074861 
4074862 
4074863 
4074864 
4074865 
4074866 
4074867 
4074868 
4074869 
4074870 
4074871 
4074872 
4074873 
4074874 
4074875 
4074876 
4074877 
4074878 
4074879 
4074880 
4074881 
4074882 
4074883 
4074884 
4074885 
4074886 
4074887 
4074888 
4074889 
4074890 
4074891 
4074892 
4074893 
4074894 
4074895 
4074896 
4074897 
4074898 
4074899 
4074900 
4074901 
4074902 
4074903 
4074904 
4074905 
4074906 
4074907 
4074908 
4074909 
4074910 
4074911 
4074912 
4074913 
4074914 
4074915 
4074916 
4074917 
4074918 
4074919 
4074920 
4074921 
4074922 
4074923 
4074924 
4074925 
4074926 
4074927 
4074928 
4074929 
4074930 
4074931 
4074932 
4074933 
4074934 
4074935 
4074936 
4074937 
4074938 
4074939 
4074940 
4074941 
4074942 
4074943 
4074944 
4074945 
4074946 
4074947 
4074948 
4074949 
4074950 
4074951 
4074952 
4074953 
4074954 
4074955 
4074956 
4074957 
4074958 
4074959 
4074960 
4074961 
4074962 
4074963 
4074964 
4074965 
4074966 
4074967 
4074968 
4074969 
4074970 
4074971 
4074972 
4074973 
4074974 
4074975 
4074976 
4074977 
4074978 
4074979 
4074980 
4074981 
4074982 
4074983 
4074984 
4074985 
4074986 
4074987 
4074988 
4074989 
4074990 
4074991 
4074992 
4074993 
4074994 
4074995 
4074996 
4074997 
4074998 
4074999 
4075000 
4075001 
4075002 
4075003 
4075004 
4075005 
4075006 
4075007 
4075008 
4075009 
4075010 
4075011 
4075012 
4075013 
4075014 
4075015 
4075016 
4075017 
4075018 
4075019 
4075020 
4075021 
4075022 
4075023 
4075024 
4075025 
4075026 
4075027 
4075028 
4075029 
4075030 
4075031 
4075032 
4075033 
4075034 
4075035 
4075036 
4075037 
4075038 
4075039 
4075040 
4075041 
4075042 
4075043 
4075044 
4075045 
4075046 
4075047 
4075048 
4075049 
4075050 
4075051 
4075052 
4075053 
4075054 
4075055 
4075056 
4075057 
4075058 
4075059 
4075060 
4075061 
4075062 
4075063 
4075064 
4075065 
4075066 
4075067 
4075068 
4075069 
4075070 
4075071 
4075072 
4075073 
4075074 
4075075 
4075076 
4075077 
4075078 
4075079 
4075080 
4075081 
4075082 
4075083 
4075084 
4075085 
4075086 
4075087 
4075088 
4075089 
4075090 
4075091 
4075092 
4075093 
4075094 
4075095 
4075096 
4075097 
4075098 
4075099 
4075100 
4075101 
4075102 
4075103 
4075104 
4075105 
4075106 
4075107 
4075108 
4075109 
4075110 
4075111 
4075112 
4075113 
4075114 
4075115 
4075116 
4075117 
4075118 
4075119 
4075120 
4075121 
4075122 
4075123 
4075124 
4075125 
4075126 
4075127 
4075128 
4075129 
4075130 
4075131 
4075132 
4075133 
4075134 
4075135 
4075136 
4075137 
4075138 
4075139 
4075140 
4075141 
4075142 
4075143 
4075144 
4075145 
4075146 
4075147 
4075148 
4075149 
4075150 
4075151 
4075152 
4075153 
4075154 
4075155 
4075156 
4075157 
4075158 
4075159 
4075160 
4075161 
4075162 
4075163 
4075164 
4075165 
4075166 
4075167 
4075168 
4075169 
4075170 
4075171 
4075172 
4075173 
4075174 
4075175 
4075176 
4075177 
4075178 
4075179 
4075180 
4075181 
4075182 
4075183 
4075184 
4075185 
4075186 
4075187 
4075188 
4075189 
4075190 
4075191 
4075192 
4075193 
4075194 
4075195 
4075196 
4075197 
4075198 
4075199 
4075200 
4075201 
4075202 
4075203 
4075204 
4075205 
4075206 
4075207 
4075208 
4075209 
4075210 
4075211 
4075212 
4075213 
4075214 
4075215 
4075216 
4075217 
4075218 
4075219 
4075220 
4075221 
4075222 
4075223 
4075224 
4075225 
4075226 
4075227 
4075228 
4075229 
4075230 
4075231 
4075232 
4075233 
4075234 
4075235 
4075236 
4075237 
4075238 
4075239 
4075240 
4075241 
4075242 
4075243 
4075244 
4075245 
4075246 
4075247 
4075248 
4075249 
4075250 
4075251 
4075252 
4075253 
4075254 
4075255 
4075256 
4075257 
4075258 
4075259 
4075260 
4075261 
4075262 
4075263 
4075264 
4075265 
4075266 
4075267 
4075268 
4075269 
4075270 
4075271 
4075272 
4075273 
4075274 
4075275 
4075276 
4075277 
4075278 
4075279 
4075280 
4075281 
4075282 
4075283 
4075284 
4075285 
4075286 
4075287 
4075288 
4075289 
4075290 
4075291 
4075292 
4075293 
4075294 
4075295 
4075296 
4075297 
4075298 
4075299 
4075300 
4075301 
4075302 
4075303 
4075304 
4075305 
4075306 
4075307 
4075308 
4075309 
4075310 
4075311 
4075312 
4075313 
4075314 
4075315 
4075316 
4075317 
4075318 
4075319 
4075320 
4075321 
4075322 
4075323 
4075324 
4075325 
4075326 
4075327 
4075328 
4075329 
4075330 
4075331 
4075332 
4075333 
4075334 
4075335 
4075336 
4075337 
4075338 
4075339 
4075340 
4075341 
4075342 
4075343 
4075344 
4075345 
4075346 
4075347 
4075348 
4075349 
4075350 
4075351 
4075352 
4075353 
4075354 
4075355 
4075356 
4075357 
4075358 
4075359 
4075360 
4075361 
4075362 
4075363 
4075364 
4075365 
4075366 
4075367 
4075368 
4075369 
4075370 
4075371 
4075372 
4075373 
4075374 
4075375 
4075376 
4075377 
4075378 
4075379 
4075380 
4075381 
4075382 
4075383 
4075384 
4075385 
4075386 
4075387 
4075388 
4075389 
4075390 
4075391 
4075392 
4075393 
4075394 
4075395 
4075396 
4075397 
4075398 
4075399 
4075400 
4075401 
4075402 
4075403 
4075404 
4075405 
4075406 
4075407 
4075408 
4075409 
4075410 
4075411 
4075412 
4075413 
4075414 
4075415 
4075416 
4075417 
4075418 
4075419 
4075420 
4075421 
4075422 
4075423 
4075424 
4075425 
4075426 
4075427 
4075428 
4075429 
4075430 
4075431 
4075432 
4075433 
4075434 
4075435 
4075436 
4075437 
4075438 
4075439 
4075440 
4075441 
4075442 
4075443 
4075444 
4075445 
4075446 
4075447 
4075448 
4075449 
4075450 
4075451 
4075452 
4075453 
4075454 
4075455 
4075456 
4075457 
4075458 
4075459 
4075460 
4075461 
4075462 
4075463 
4075464 
4075465 
4075466 
4075467 
4075468 
4075469 
4075470 
4075471 
4075472 
4075473 
4075474 
4075475 
4075476 
4075477 
4075478 
4075479 
4075480 
4075481 
4075482 
4075483 
4075484 
4075485 
4075486 
4075487 
4075488 
4075489 
4075490 
4075491 
4075492 
4075493 
4075494 
4075495 
4075496 
4075497 
4075498 
4075499 
4075500 
4075501 
4075502 
4075503 
4075504 
4075505 
4075506 
4075507 
4075508 
4075509 
4075510 
4075511 
4075512 
4075513 
4075514 
4075515 
4075516 
4075517 
4075518 
4075519 
4075520 
4075521 
4075522 
4075523 
4075524 
4075525 
4075526 
4075527 
4075528 
4075529 
4075530 
4075531 
4075532 
4075533 
4075534 
4075535 
4075536 
4075537 
4075538 
4075539 
4075540 
4075541 
4075542 
4075543 
4075544 
4075545 
4075546 
4075547 
4075548 
4075549 
4075550 
4075551 
4075552 
4075553 
4075554 
4075555 
4075556 
4075557 
4075558 
4075559 
4075560 
4075561 
4075562 
4075563 
4075564 
4075565 
4075566 
4075567 
4075568 
4075569 
4075570 
4075571 
4075572 
4075573 
4075574 
4075575 
4075576 
4075577 
4075578 
4075579 
4075580 
4075581 
4075582 
4075583 
4075584 
4075585 
4075586 
4075587 
4075588 
4075589 
4075590 
4075591 
4075592 
4075593 
4075594 
4075595 
4075596 
4075597 
4075598 
4075599 
4075600 
4075601 
4075602 
4075603 
4075604 
4075605 
4075606 
4075607 
4075608 
4075609 
4075610 
4075611 
4075612 
4075613 
4075614 
4075615 
4075616 
4075617 
4075618 
4075619 
4075620 
4075621 
4075622 
4075623 
4075624 
4075625 
4075626 
4075627 
4075628 
4075629 
4075630 
4075631 
4075632 
4075633 
4075634 
4075635 
4075636 
4075637 
4075638 
4075639 
4075640 
4075641 
4075642 
4075643 
4075644 
4075645 
4075646 
4075647 
4075648 
4075649 
4075650 
4075651 
4075652 
4075653 
4075654 
4075655 
4075656 
4075657 
4075658 
4075659 
4075660 
4075661 
4075662 
4075663 
4075664 
4075665 
4075666 
4075667 
4075668 
4075669 
4075670 
4075671 
4075672 
4075673 
4075674 
4075675 
4075676 
4075677 
4075678 
4075679 
4075680 
4075681 
4075682 
4075683 
4075684 
4075685 
4075686 
4075687 
4075688 
4075689 
4075690 
4075691 
4075692 
4075693 
4075694 
4075695 
4075696 
4075697 
4075698 
4075699 
4075700 
4075701 
4075702 
4075703 
4075704 
4075705 
4075706 
4075707 
4075708 
4075709 
4075710 
4075711 
4075712 
4075713 
4075714 
4075715 
4075716 
4075717 
4075718 
4075719 
4075720 
4075721 
4075722 
4075723 
4075724 
4075725 
4075726 
4075727 
4075728 
4075729 
4075730 
4075731 
4075732 
4075733 
4075734 
4075735 
4075736 
4075737 
4075738 
4075739 
4075740 
4075741 
4075742 
4075743 
4075744 
4075745 
4075746 
4075747 
4075748 
4075749 
4075750 
4075751 
4075752 
4075753 
4075754 
4075755 
4075756 
4075757 
4075758 
4075759 
4075760 
4075761 
4075762 
4075763 
4075764 
4075765 
4075766 
4075767 
4075768 
4075769 
4075770 
4075771 
4075772 
4075773 
4075774 
4075775 
4075776 
4075777 
4075778 
4075779 
4075780 
4075781 
4075782 
4075783 
4075784 
4075785 
4075786 
4075787 
4075788 
4075789 
4075790 
4075791 
4075792 
4075793 
4075794 
4075795 
4075796 
4075797 
4075798 
4075799 
4075800 
4075801 
4075802 
4075803 
4075804 
4075805 
4075806 
4075807 
4075808 
4075809 
4075810 
4075811 
4075812 
4075813 
4075814 
4075815 
4075816 
4075817 
4075818 
4075819 
4075820 
4075821 
4075822 
4075823 
4075824 
4075825 
4075826 
4075827 
4075828 
4075829 
4075830 
4075831 
4075832 
4075833 
4075834 
4075835 
4075836 
4075837 
4075838 
4075839 
4075840 
4075841 
4075842 
4075843 
4075844 
4075845 
4075846 
4075847 
4075848 
4075849 
4075850 
4075851 
4075852 
4075853 
4075854 
4075855 
4075856 
4075857 
4075858 
4075859 
4075860 
4075861 
4075862 
4075863 
4075864 
4075865 
4075866 
4075867 
4075868 
4075869 
4075870 
4075871 
4075872 
4075873 
4075874 
4075875 
4075876 
4075877 
4075878 
4075879 
4075880 
4075881 
4075882 
4075883 
4075884 
4075885 
4075886 
4075887 
4075888 
4075889 
4075890 
4075891 
4075892 
4075893 
4075894 
4075895 
4075896 
4075897 
4075898 
4075899 
4075900 
4075901 
4075902 
4075903 
4075904 
4075905 
4075906 
4075907 
4075908 
4075909 
4075910 
4075911 
4075912 
4075913 
4075914 
4075915 
4075916 
4075917 
4075918 
4075919 
4075920 
4075921 
4075922 
4075923 
4075924 
4075925 
4075926 
4075927 
4075928 
4075929 
4075930 
4075931 
4075932 
4075933 
4075934 
4075935 
4075936 
4075937 
4075938 
4075939 
4075940 
4075941 
4075942 
4075943 
4075944 
4075945 
4075946 
4075947 
4075948 
4075949 
4075950 
4075951 
4075952 
4075953 
4075954 
4075955 
4075956 
4075957 
4075958 
4075959 
4075960 
4075961 
4075962 
4075963 
4075964 
4075965 
4075966 
4075967 
4075968 
4075969 
4075970 
4075971 
4075972 
4075973 
4075974 
4075975 
4075976 
4075977 
4075978 
4075979 
4075980 
4075981 
4075982 
4075983 
4075984 
4075985 
4075986 
4075987 
4075988 
4075989 
4075990 
4075991 
4075992 
4075993 
4075994 
4075995 
4075996 
4075997 
4075998 
4075999 
4076000 
4076001 
4076002 
4076003 
4076004 
4076005 
4076006 
4076007 
4076008 
4076009 
4076010 
4076011 
4076012 
4076013 
4076014 
4076015 
4076016 
4076017 
4076018 
4076019 
4076020 
4076021 
4076022 
4076023 
4076024 
4076025 
4076026 
4076027 
4076028 
4076029 
4076030 
4076031 
4076032 
4076033 
4076034 
4076035 
4076036 
4076037 
4076038 
4076039 
4076040 
4076041 
4076042 
4076043 
4076044 
4076045 
4076046 
4076047 
4076048 
4076049 
4076050 
4076051 
4076052 
4076053 
4076054 
4076055 
4076056 
4076057 
4076058 
4076059 
4076060 
4076061 
4076062 
4076063 
4076064 
4076065 
4076066 
4076067 
4076068 
4076069 
4076070 
4076071 
4076072 
4076073 
4076074 
4076075 
4076076 
4076077 
4076078 
4076079 
4076080 
4076081 
4076082 
4076083 
4076084 
4076085 
4076086 
4076087 
4076088 
4076089 
4076090 
4076091 
4076092 
4076093 
4076094 
4076095 
4076096 
4076097 
4076098 
4076099 
4076100 
4076101 
4076102 
4076103 
4076104 
4076105 
4076106 
4076107 
4076108 
4076109 
4076110 
4076111 
4076112 
4076113 
4076114 
4076115 
4076116 
4076117 
4076118 
4076119 
4076120 
4076121 
4076122 
4076123 
4076124 
4076125 
4076126 
4076127 
4076128 
4076129 
4076130 
4076131 
4076132 
4076133 
4076134 
4076135 
4076136 
4076137 
4076138 
4076139 
4076140 
4076141 
4076142 
4076143 
4076144 
4076145 
4076146 
4076147 
4076148 
4076149 
4076150 
4076151 
4076152 
4076153 
4076154 
4076155 
4076156 
4076157 
4076158 
4076159 
4076160 
4076161 
4076162 
4076163 
4076164 
4076165 
4076166 
4076167 
4076168 
4076169 
4076170 
4076171 
4076172 
4076173 
4076174 
4076175 
4076176 
4076177 
4076178 
4076179 
4076180 
4076181 
4076182 
4076183 
4076184 
4076185 
4076186 
4076187 
4076188 
4076189 
4076190 
4076191 
4076192 
4076193 
4076194 
4076195 
4076196 
4076197 
4076198 
4076199 
4076200 
4076201 
4076202 
4076203 
4076204 
4076205 
4076206 
4076207 
4076208 
4076209 
4076210 
4076211 
4076212 
4076213 
4076214 
4076215 
4076216 
4076217 
4076218 
4076219 
4076220 
4076221 
4076222 
4076223 
4076224 
4076225 
4076226 
4076227 
4076228 
4076229 
4076230 
4076231 
4076232 
4076233 
4076234 
4076235 
4076236 
4076237 
4076238 
4076239 
4076240 
4076241 
4076242 
4076243 
4076244 
4076245 
4076246 
4076247 
4076248 
4076249 
4076250 
4076251 
4076252 
4076253 
4076254 
4076255 
4076256 
4076257 
4076258 
4076259 
4076260 
4076261 
4076262 
4076263 
4076264 
4076265 
4076266 
4076267 
4076268 
4076269 
4076270 
4076271 
4076272 
4076273 
4076274 
4076275 
4076276 
4076277 
4076278 
4076279 
4076280 
4076281 
4076282 
4076283 
4076284 
4076285 
4076286 
4076287 
4076288 
4076289 
4076290 
4076291 
4076292 
4076293 
4076294 
4076295 
4076296 
4076297 
4076298 
4076299 
4076300 
4076301 
4076302 
4076303 
4076304 
4076305 
4076306 
4076307 
4076308 
4076309 
4076310 
4076311 
4076312 
4076313 
4076314 
4076315 
4076316 
4076317 
4076318 
4076319 
4076320 
4076321 
4076322 
4076323 
4076324 
4076325 
4076326 
4076327 
4076328 
4076329 
4076330 
4076331 
4076332 
4076333 
4076334 
4076335 
4076336 
4076337 
4076338 
4076339 
4076340 
4076341 
4076342 
4076343 
4076344 
4076345 
4076346 
4076347 
4076348 
4076349 
4076350 
4076351 
4076352 
4076353 
4076354 
4076355 
4076356 
4076357 
4076358 
4076359 
4076360 
4076361 
4076362 
4076363 
4076364 
4076365 
4076366 
4076367 
4076368 
4076369 
4076370 
4076371 
4076372 
4076373 
4076374 
4076375 
4076376 
4076377 
4076378 
4076379 
4076380 
4076381 
4076382 
4076383 
4076384 
4076385 
4076386 
4076387 
4076388 
4076389 
4076390 
4076391 
4076392 
4076393 
4076394 
4076395 
4076396 
4076397 
4076398 
4076399 
4076400 
4076401 
4076402 
4076403 
4076404 
4076405 
4076406 
4076407 
4076408 
4076409 
4076410 
4076411 
4076412 
4076413 
4076414 
4076415 
4076416 
4076417 
4076418 
4076419 
4076420 
4076421 
4076422 
4076423 
4076424 
4076425 
4076426 
4076427 
4076428 
4076429 
4076430 
4076431 
4076432 
4076433 
4076434 
4076435 
4076436 
4076437 
4076438 
4076439 
4076440 
4076441 
4076442 
4076443 
4076444 
4076445 
4076446 
4076447 
4076448 
4076449 
4076450 
4076451 
4076452 
4076453 
4076454 
4076455 
4076456 
4076457 
4076458 
4076459 
4076460 
4076461 
4076462 
4076463 
4076464 
4076465 
4076466 
4076467 
4076468 
4076469 
4076470 
4076471 
4076472 
4076473 
4076474 
4076475 
4076476 
4076477 
4076478 
4076479 
4076480 
4076481 
4076482 
4076483 
4076484 
4076485 
4076486 
4076487 
4076488 
4076489 
4076490 
4076491 
4076492 
4076493 
4076494 
4076495 
4076496 
4076497 
4076498 
4076499 
4076500 
4076501 
4076502 
4076503 
4076504 
4076505 
4076506 
4076507 
4076508 
4076509 
4076510 
4076511 
4076512 
4076513 
4076514 
4076515 
4076516 
4076517 
4076518 
4076519 
4076520 
4076521 
4076522 
4076523 
4076524 
4076525 
4076526 
4076527 
4076528 
4076529 
4076530 
4076531 
4076532 
4076533 
4076534 
4076535 
4076536 
4076537 
4076538 
4076539 
4076540 
4076541 
4076542 
4076543 
4076544 
4076545 
4076546 
4076547 
4076548 
4076549 
4076550 
4076551 
4076552 
4076553 
4076554 
4076555 
4076556 
4076557 
4076558 
4076559 
4076560 
4076561 
4076562 
4076563 
4076564 
4076565 
4076566 
4076567 
4076568 
4076569 
4076570 
4076571 
4076572 
4076573 
4076574 
4076575 
4076576 
4076577 
4076578 
4076579 
4076580 
4076581 
4076582 
4076583 
4076584 
4076585 
4076586 
4076587 
4076588 
4076589 
4076590 
4076591 
4076592 
4076593 
4076594 
4076595 
4076596 
4076597 
4076598 
4076599 
4076600 
4076601 
4076602 
4076603 
4076604 
4076605 
4076606 
4076607 
4076608 
4076609 
4076610 
4076611 
4076612 
4076613 
4076614 
4076615 
4076616 
4076617 
4076618 
4076619 
4076620 
4076621 
4076622 
4076623 
4076624 
4076625 
4076626 
4076627 
4076628 
4076629 
4076630 
4076631 
4076632 
4076633 
4076634 
4076635 
4076636 
4076637 
4076638 
4076639 
4076640 
4076641 
4076642 
4076643 
4076644 
4076645 
4076646 
4076647 
4076648 
4076649 
4076650 
4076651 
4076652 
4076653 
4076654 
4076655 
4076656 
4076657 
4076658 
4076659 
4076660 
4076661 
4076662 
4076663 
4076664 
4076665 
4076666 
4076667 
4076668 
4076669 
4076670 
4076671 
4076672 
4076673 
4076674 
4076675 
4076676 
4076677 
4076678 
4076679 
4076680 
4076681 
4076682 
4076683 
4076684 
4076685 
4076686 
4076687 
4076688 
4076689 
4076690 
4076691 
4076692 
4076693 
4076694 
4076695 
4076696 
4076697 
4076698 
4076699 
4076700 
4076701 
4076702 
4076703 
4076704 
4076705 
4076706 
4076707 
4076708 
4076709 
4076710 
4076711 
4076712 
4076713 
4076714 
4076715 
4076716 
4076717 
4076718 
4076719 
4076720 
4076721 
4076722 
4076723 
4076724 
4076725 
4076726 
4076727 
4076728 
4076729 
4076730 
4076731 
4076732 
4076733 
4076734 
4076735 
4076736 
4076737 
4076738 
4076739 
4076740 
4076741 
4076742 
4076743 
4076744 
4076745 
4076746 
4076747 
4076748 
4076749 
4076750 
4076751 
4076752 
4076753 
4076754 
4076755 
4076756 
4076757 
4076758 
4076759 
4076760 
4076761 
4076762 
4076763 
4076764 
4076765 
4076766 
4076767 
4076768 
4076769 
4076770 
4076771 
4076772 
4076773 
4076774 
4076775 
4076776 
4076777 
4076778 
4076779 
4076780 
4076781 
4076782 
4076783 
4076784 
4076785 
4076786 
4076787 
4076788 
4076789 
4076790 
4076791 
4076792 
4076793 
4076794 
4076795 
4076796 
4076797 
4076798 
4076799 
4076800 
4076801 
4076802 
4076803 
4076804 
4076805 
4076806 
4076807 
4076808 
4076809 
4076810 
4076811 
4076812 
4076813 
4076814 
4076815 
4076816 
4076817 
4076818 
4076819 
4076820 
4076821 
4076822 
4076823 
4076824 
4076825 
4076826 
4076827 
4076828 
4076829 
4076830 
4076831 
4076832 
4076833 
4076834 
4076835 
4076836 
4076837 
4076838 
4076839 
4076840 
4076841 
4076842 
4076843 
4076844 
4076845 
4076846 
4076847 
4076848 
4076849 
4076850 
4076851 
4076852 
4076853 
4076854 
4076855 
4076856 
4076857 
4076858 
4076859 
4076860 
4076861 
4076862 
4076863 
4076864 
4076865 
4076866 
4076867 
4076868 
4076869 
4076870 
4076871 
4076872 
4076873 
4076874 
4076875 
4076876 
4076877 
4076878 
4076879 
4076880 
4076881 
4076882 
4076883 
4076884 
4076885 
4076886 
4076887 
4076888 
4076889 
4076890 
4076891 
4076892 
4076893 
4076894 
4076895 
4076896 
4076897 
4076898 
4076899 
4076900 
4076901 
4076902 
4076903 
4076904 
4076905 
4076906 
4076907 
4076908 
4076909 
4076910 
4076911 
4076912 
4076913 
4076914 
4076915 
4076916 
4076917 
4076918 
4076919 
4076920 
4076921 
4076922 
4076923 
4076924 
4076925 
4076926 
4076927 
4076928 
4076929 
4076930 
4076931 
4076932 
4076933 
4076934 
4076935 
4076936 
4076937 
4076938 
4076939 
4076940 
4076941 
4076942 
4076943 
4076944 
4076945 
4076946 
4076947 
4076948 
4076949 
4076950 
4076951 
4076952 
4076953 
4076954 
4076955 
4076956 
4076957 
4076958 
4076959 
4076960 
4076961 
4076962 
4076963 
4076964 
4076965 
4076966 
4076967 
4076968 
4076969 
4076970 
4076971 
4076972 
4076973 
4076974 
4076975 
4076976 
4076977 
4076978 
4076979 
4076980 
4076981 
4076982 
4076983 
4076984 
4076985 
4076986 
4076987 
4076988 
4076989 
4076990 
4076991 
4076992 
4076993 
4076994 
4076995 
4076996 
4076997 
4076998 
4076999 
4077000 
4077001 
4077002 
4077003 
4077004 
4077005 
4077006 
4077007 
4077008 
4077009 
4077010 
4077011 
4077012 
4077013 
4077014 
4077015 
4077016 
4077017 
4077018 
4077019 
4077020 
4077021 
4077022 
4077023 
4077024 
4077025 
4077026 
4077027 
4077028 
4077029 
4077030 
4077031 
4077032 
4077033 
4077034 
4077035 
4077036 
4077037 
4077038 
4077039 
4077040 
4077041 
4077042 
4077043 
4077044 
4077045 
4077046 
4077047 
4077048 
4077049 
4077050 
4077051 
4077052 
4077053 
4077054 
4077055 
4077056 
4077057 
4077058 
4077059 
4077060 
4077061 
4077062 
4077063 
4077064 
4077065 
4077066 
4077067 
4077068 
4077069 
4077070 
4077071 
4077072 
4077073 
4077074 
4077075 
4077076 
4077077 
4077078 
4077079 
4077080 
4077081 
4077082 
4077083 
4077084 
4077085 
4077086 
4077087 
4077088 
4077089 
4077090 
4077091 
4077092 
4077093 
4077094 
4077095 
4077096 
4077097 
4077098 
4077099 
4077100 
4077101 
4077102 
4077103 
4077104 
4077105 
4077106 
4077107 
4077108 
4077109 
4077110 
4077111 
4077112 
4077113 
4077114 
4077115 
4077116 
4077117 
4077118 
4077119 
4077120 
4077121 
4077122 
4077123 
4077124 
4077125 
4077126 
4077127 
4077128 
4077129 
4077130 
4077131 
4077132 
4077133 
4077134 
4077135 
4077136 
4077137 
4077138 
4077139 
4077140 
4077141 
4077142 
4077143 
4077144 
4077145 
4077146 
4077147 
4077148 
4077149 
4077150 
4077151 
4077152 
4077153 
4077154 
4077155 
4077156 
4077157 
4077158 
4077159 
4077160 
4077161 
4077162 
4077163 
4077164 
4077165 
4077166 
4077167 
4077168 
4077169 
4077170 
4077171 
4077172 
4077173 
4077174 
4077175 
4077176 
4077177 
4077178 
4077179 
4077180 
4077181 
4077182 
4077183 
4077184 
4077185 
4077186 
4077187 
4077188 
4077189 
4077190 
4077191 
4077192 
4077193 
4077194 
4077195 
4077196 
4077197 
4077198 
4077199 
4077200 
4077201 
4077202 
4077203 
4077204 
4077205 
4077206 
4077207 
4077208 
4077209 
4077210 
4077211 
4077212 
4077213 
4077214 
4077215 
4077216 
4077217 
4077218 
4077219 
4077220 
4077221 
4077222 
4077223 
4077224 
4077225 
4077226 
4077227 
4077228 
4077229 
4077230 
4077231 
4077232 
4077233 
4077234 
4077235 
4077236 
4077237 
4077238 
4077239 
4077240 
4077241 
4077242 
4077243 
4077244 
4077245 
4077246 
4077247 
4077248 
4077249 
4077250 
4077251 
4077252 
4077253 
4077254 
4077255 
4077256 
4077257 
4077258 
4077259 
4077260 
4077261 
4077262 
4077263 
4077264 
4077265 
4077266 
4077267 
4077268 
4077269 
4077270 
4077271 
4077272 
4077273 
4077274 
4077275 
4077276 
4077277 
4077278 
4077279 
4077280 
4077281 
4077282 
4077283 
4077284 
4077285 
4077286 
4077287 
4077288 
4077289 
4077290 
4077291 
4077292 
4077293 
4077294 
4077295 
4077296 
4077297 
4077298 
4077299 
4077300 
4077301 
4077302 
4077303 
4077304 
4077305 
4077306 
4077307 
4077308 
4077309 
4077310 
4077311 
4077312 
4077313 
4077314 
4077315 
4077316 
4077317 
4077318 
4077319 
4077320 
4077321 
4077322 
4077323 
4077324 
4077325 
4077326 
4077327 
4077328 
4077329 
4077330 
4077331 
4077332 
4077333 
4077334 
4077335 
4077336 
4077337 
4077338 
4077339 
4077340 
4077341 
4077342 
4077343 
4077344 
4077345 
4077346 
4077347 
4077348 
4077349 
4077350 
4077351 
4077352 
4077353 
4077354 
4077355 
4077356 
4077357 
4077358 
4077359 
4077360 
4077361 
4077362 
4077363 
4077364 
4077365 
4077366 
4077367 
4077368 
4077369 
4077370 
4077371 
4077372 
4077373 
4077374 
4077375 
4077376 
4077377 
4077378 
4077379 
4077380 
4077381 
4077382 
4077383 
4077384 
4077385 
4077386 
4077387 
4077388 
4077389 
4077390 
4077391 
4077392 
4077393 
4077394 
4077395 
4077396 
4077397 
4077398 
4077399 
4077400 
4077401 
4077402 
4077403 
4077404 
4077405 
4077406 
4077407 
4077408 
4077409 
4077410 
4077411 
4077412 
4077413 
4077414 
4077415 
4077416 
4077417 
4077418 
4077419 
4077420 
4077421 
4077422 
4077423 
4077424 
4077425 
4077426 
4077427 
4077428 
4077429 
4077430 
4077431 
4077432 
4077433 
4077434 
4077435 
4077436 
4077437 
4077438 
4077439 
4077440 
4077441 
4077442 
4077443 
4077444 
4077445 
4077446 
4077447 
4077448 
4077449 
4077450 
4077451 
4077452 
4077453 
4077454 
4077455 
4077456 
4077457 
4077458 
4077459 
4077460 
4077461 
4077462 
4077463 
4077464 
4077465 
4077466 
4077467 
4077468 
4077469 
4077470 
4077471 
4077472 
4077473 
4077474 
4077475 
4077476 
4077477 
4077478 
4077479 
4077480 
4077481 
4077482 
4077483 
4077484 
4077485 
4077486 
4077487 
4077488 
4077489 
4077490 
4077491 
4077492 
4077493 
4077494 
4077495 
4077496 
4077497 
4077498 
4077499 
4077500 
4077501 
4077502 
4077503 
4077504 
4077505 
4077506 
4077507 
4077508 
4077509 
4077510 
4077511 
4077512 
4077513 
4077514 
4077515 
4077516 
4077517 
4077518 
4077519 
4077520 
4077521 
4077522 
4077523 
4077524 
4077525 
4077526 
4077527 
4077528 
4077529 
4077530 
4077531 
4077532 
4077533 
4077534 
4077535 
4077536 
4077537 
4077538 
4077539 
4077540 
4077541 
4077542 
4077543 
4077544 
4077545 
4077546 
4077547 
4077548 
4077549 
4077550 
4077551 
4077552 
4077553 
4077554 
4077555 
4077556 
4077557 
4077558 
4077559 
4077560 
4077561 
4077562 
4077563 
4077564 
4077565 
4077566 
4077567 
4077568 
4077569 
4077570 
4077571 
4077572 
4077573 
4077574 
4077575 
4077576 
4077577 
4077578 
4077579 
4077580 
4077581 
4077582 
4077583 
4077584 
4077585 
4077586 
4077587 
4077588 
4077589 
4077590 
4077591 
4077592 
4077593 
4077594 
4077595 
4077596 
4077597 
4077598 
4077599 
4077600 
4077601 
4077602 
4077603 
4077604 
4077605 
4077606 
4077607 
4077608 
4077609 
4077610 
4077611 
4077612 
4077613 
4077614 
4077615 
4077616 
4077617 
4077618 
4077619 
4077620 
4077621 
4077622 
4077623 
4077624 
4077625 
4077626 
4077627 
4077628 
4077629 
4077630 
4077631 
4077632 
4077633 
4077634 
4077635 
4077636 
4077637 
4077638 
4077639 
4077640 
4077641 
4077642 
4077643 
4077644 
4077645 
4077646 
4077647 
4077648 
4077649 
4077650 
4077651 
4077652 
4077653 
4077654 
4077655 
4077656 
4077657 
4077658 
4077659 
4077660 
4077661 
4077662 
4077663 
4077664 
4077665 
4077666 
4077667 
4077668 
4077669 
4077670 
4077671 
4077672 
4077673 
4077674 
4077675 
4077676 
4077677 
4077678 
4077679 
4077680 
4077681 
4077682 
4077683 
4077684 
4077685 
4077686 
4077687 
4077688 
4077689 
4077690 
4077691 
4077692 
4077693 
4077694 
4077695 
4077696 
4077697 
4077698 
4077699 
4077700 
4077701 
4077702 
4077703 
4077704 
4077705 
4077706 
4077707 
4077708 
4077709 
4077710 
4077711 
4077712 
4077713 
4077714 
4077715 
4077716 
4077717 
4077718 
4077719 
4077720 
4077721 
4077722 
4077723 
4077724 
4077725 
4077726 
4077727 
4077728 
4077729 
4077730 
4077731 
4077732 
4077733 
4077734 
4077735 
4077736 
4077737 
4077738 
4077739 
4077740 
4077741 
4077742 
4077743 
4077744 
4077745 
4077746 
4077747 
4077748 
4077749 
4077750 
4077751 
4077752 
4077753 
4077754 
4077755 
4077756 
4077757 
4077758 
4077759 
4077760 
4077761 
4077762 
4077763 
4077764 
4077765 
4077766 
4077767 
4077768 
4077769 
4077770 
4077771 
4077772 
4077773 
4077774 
4077775 
4077776 
4077777 
4077778 
4077779 
4077780 
4077781 
4077782 
4077783 
4077784 
4077785 
4077786 
4077787 
4077788 
4077789 
4077790 
4077791 
4077792 
4077793 
4077794 
4077795 
4077796 
4077797 
4077798 
4077799 
4077800 
4077801 
4077802 
4077803 
4077804 
4077805 
4077806 
4077807 
4077808 
4077809 
4077810 
4077811 
4077812 
4077813 
4077814 
4077815 
4077816 
4077817 
4077818 
4077819 
4077820 
4077821 
4077822 
4077823 
4077824 
4077825 
4077826 
4077827 
4077828 
4077829 
4077830 
4077831 
4077832 
4077833 
4077834 
4077835 
4077836 
4077837 
4077838 
4077839 
4077840 
4077841 
4077842 
4077843 
4077844 
4077845 
4077846 
4077847 
4077848 
4077849 
4077850 
4077851 
4077852 
4077853 
4077854 
4077855 
4077856 
4077857 
4077858 
4077859 
4077860 
4077861 
4077862 
4077863 
4077864 
4077865 
4077866 
4077867 
4077868 
4077869 
4077870 
4077871 
4077872 
4077873 
4077874 
4077875 
4077876 
4077877 
4077878 
4077879 
4077880 
4077881 
4077882 
4077883 
4077884 
4077885 
4077886 
4077887 
4077888 
4077889 
4077890 
4077891 
4077892 
4077893 
4077894 
4077895 
4077896 
4077897 
4077898 
4077899 
4077900 
4077901 
4077902 
4077903 
4077904 
4077905 
4077906 
4077907 
4077908 
4077909 
4077910 
4077911 
4077912 
4077913 
4077914 
4077915 
4077916 
4077917 
4077918 
4077919 
4077920 
4077921 
4077922 
4077923 
4077924 
4077925 
4077926 
4077927 
4077928 
4077929 
4077930 
4077931 
4077932 
4077933 
4077934 
4077935 
4077936 
4077937 
4077938 
4077939 
4077940 
4077941 
4077942 
4077943 
4077944 
4077945 
4077946 
4077947 
4077948 
4077949 
4077950 
4077951 
4077952 
4077953 
4077954 
4077955 
4077956 
4077957 
4077958 
4077959 
4077960 
4077961 
4077962 
4077963 
4077964 
4077965 
4077966 
4077967 
4077968 
4077969 
4077970 
4077971 
4077972 
4077973 
4077974 
4077975 
4077976 
4077977 
4077978 
4077979 
4077980 
4077981 
4077982 
4077983 
4077984 
4077985 
4077986 
4077987 
4077988 
4077989 
4077990 
4077991 
4077992 
4077993 
4077994 
4077995 
4077996 
4077997 
4077998 
4077999 
4078000 
4078001 
4078002 
4078003 
4078004 
4078005 
4078006 
4078007 
4078008 
4078009 
4078010 
4078011 
4078012 
4078013 
4078014 
4078015 
4078016 
4078017 
4078018 
4078019 
4078020 
4078021 
4078022 
4078023 
4078024 
4078025 
4078026 
4078027 
4078028 
4078029 
4078030 
4078031 
4078032 
4078033 
4078034 
4078035 
4078036 
4078037 
4078038 
4078039 
4078040 
4078041 
4078042 
4078043 
4078044 
4078045 
4078046 
4078047 
4078048 
4078049 
4078050 
4078051 
4078052 
4078053 
4078054 
4078055 
4078056 
4078057 
4078058 
4078059 
4078060 
4078061 
4078062 
4078063 
4078064 
4078065 
4078066 
4078067 
4078068 
4078069 
4078070 
4078071 
4078072 
4078073 
4078074 
4078075 
4078076 
4078077 
4078078 
4078079 
4078080 
4078081 
4078082 
4078083 
4078084 
4078085 
4078086 
4078087 
4078088 
4078089 
4078090 
4078091 
4078092 
4078093 
4078094 
4078095 
4078096 
4078097 
4078098 
4078099 
4078100 
4078101 
4078102 
4078103 
4078104 
4078105 
4078106 
4078107 
4078108 
4078109 
4078110 
4078111 
4078112 
4078113 
4078114 
4078115 
4078116 
4078117 
4078118 
4078119 
4078120 
4078121 
4078122 
4078123 
4078124 
4078125 
4078126 
4078127 
4078128 
4078129 
4078130 
4078131 
4078132 
4078133 
4078134 
4078135 
4078136 
4078137 
4078138 
4078139 
4078140 
4078141 
4078142 
4078143 
4078144 
4078145 
4078146 
4078147 
4078148 
4078149 
4078150 
4078151 
4078152 
4078153 
4078154 
4078155 
4078156 
4078157 
4078158 
4078159 
4078160 
4078161 
4078162 
4078163 
4078164 
4078165 
4078166 
4078167 
4078168 
4078169 
4078170 
4078171 
4078172 
4078173 
4078174 
4078175 
4078176 
4078177 
4078178 
4078179 
4078180 
4078181 
4078182 
4078183 
4078184 
4078185 
4078186 
4078187 
4078188 
4078189 
4078190 
4078191 
4078192 
4078193 
4078194 
4078195 
4078196 
4078197 
4078198 
4078199 
4078200 
4078201 
4078202 
4078203 
4078204 
4078205 
4078206 
4078207 
4078208 
4078209 
4078210 
4078211 
4078212 
4078213 
4078214 
4078215 
4078216 
4078217 
4078218 
4078219 
4078220 
4078221 
4078222 
4078223 
4078224 
4078225 
4078226 
4078227 
4078228 
4078229 
4078230 
4078231 
4078232 
4078233 
4078234 
4078235 
4078236 
4078237 
4078238 
4078239 
4078240 
4078241 
4078242 
4078243 
4078244 
4078245 
4078246 
4078247 
4078248 
4078249 
4078250 
4078251 
4078252 
4078253 
4078254 
4078255 
4078256 
4078257 
4078258 
4078259 
4078260 
4078261 
4078262 
4078263 
4078264 
4078265 
4078266 
4078267 
4078268 
4078269 
4078270 
4078271 
4078272 
4078273 
4078274 
4078275 
4078276 
4078277 
4078278 
4078279 
4078280 
4078281 
4078282 
4078283 
4078284 
4078285 
4078286 
4078287 
4078288 
4078289 
4078290 
4078291 
4078292 
4078293 
4078294 
4078295 
4078296 
4078297 
4078298 
4078299 
4078300 
4078301 
4078302 
4078303 
4078304 
4078305 
4078306 
4078307 
4078308 
4078309 
4078310 
4078311 
4078312 
4078313 
4078314 
4078315 
4078316 
4078317 
4078318 
4078319 
4078320 
4078321 
4078322 
4078323 
4078324 
4078325 
4078326 
4078327 
4078328 
4078329 
4078330 
4078331 
4078332 
4078333 
4078334 
4078335 
4078336 
4078337 
4078338 
4078339 
4078340 
4078341 
4078342 
4078343 
4078344 
4078345 
4078346 
4078347 
4078348 
4078349 
4078350 
4078351 
4078352 
4078353 
4078354 
4078355 
4078356 
4078357 
4078358 
4078359 
4078360 
4078361 
4078362 
4078363 
4078364 
4078365 
4078366 
4078367 
4078368 
4078369 
4078370 
4078371 
4078372 
4078373 
4078374 
4078375 
4078376 
4078377 
4078378 
4078379 
4078380 
4078381 
4078382 
4078383 
4078384 
4078385 
4078386 
4078387 
4078388 
4078389 
4078390 
4078391 
4078392 
4078393 
4078394 
4078395 
4078396 
4078397 
4078398 
4078399 
4078400 
4078401 
4078402 
4078403 
4078404 
4078405 
4078406 
4078407 
4078408 
4078409 
4078410 
4078411 
4078412 
4078413 
4078414 
4078415 
4078416 
4078417 
4078418 
4078419 
4078420 
4078421 
4078422 
4078423 
4078424 
4078425 
4078426 
4078427 
4078428 
4078429 
4078430 
4078431 
4078432 
4078433 
4078434 
4078435 
4078436 
4078437 
4078438 
4078439 
4078440 
4078441 
4078442 
4078443 
4078444 
4078445 
4078446 
4078447 
4078448 
4078449 
4078450 
4078451 
4078452 
4078453 
4078454 
4078455 
4078456 
4078457 
4078458 
4078459 
4078460 
4078461 
4078462 
4078463 
4078464 
4078465 
4078466 
4078467 
4078468 
4078469 
4078470 
4078471 
4078472 
4078473 
4078474 
4078475 
4078476 
4078477 
4078478 
4078479 
4078480 
4078481 
4078482 
4078483 
4078484 
4078485 
4078486 
4078487 
4078488 
4078489 
4078490 
4078491 
4078492 
4078493 
4078494 
4078495 
4078496 
4078497 
4078498 
4078499 
4078500 
4078501 
4078502 
4078503 
4078504 
4078505 
4078506 
4078507 
4078508 
4078509 
4078510 
4078511 
4078512 
4078513 
4078514 
4078515 
4078516 
4078517 
4078518 
4078519 
4078520 
4078521 
4078522 
4078523 
4078524 
4078525 
4078526 
4078527 
4078528 
4078529 
4078530 
4078531 
4078532 
4078533 
4078534 
4078535 
4078536 
4078537 
4078538 
4078539 
4078540 
4078541 
4078542 
4078543 
4078544 
4078545 
4078546 
4078547 
4078548 
4078549 
4078550 
4078551 
4078552 
4078553 
4078554 
4078555 
4078556 
4078557 
4078558 
4078559 
4078560 
4078561 
4078562 
4078563 
4078564 
4078565 
4078566 
4078567 
4078568 
4078569 
4078570 
4078571 
4078572 
4078573 
4078574 
4078575 
4078576 
4078577 
4078578 
4078579 
4078580 
4078581 
4078582 
4078583 
4078584 
4078585 
4078586 
4078587 
4078588 
4078589 
4078590 
4078591 
4078592 
4078593 
4078594 
4078595 
4078596 
4078597 
4078598 
4078599 
4078600 
4078601 
4078602 
4078603 
4078604 
4078605 
4078606 
4078607 
4078608 
4078609 
4078610 
4078611 
4078612 
4078613 
4078614 
4078615 
4078616 
4078617 
4078618 
4078619 
4078620 
4078621 
4078622 
4078623 
4078624 
4078625 
4078626 
4078627 
4078628 
4078629 
4078630 
4078631 
4078632 
4078633 
4078634 
4078635 
4078636 
4078637 
4078638 
4078639 
4078640 
4078641 
4078642 
4078643 
4078644 
4078645 
4078646 
4078647 
4078648 
4078649 
4078650 
4078651 
4078652 
4078653 
4078654 
4078655 
4078656 
4078657 
4078658 
4078659 
4078660 
4078661 
4078662 
4078663 
4078664 
4078665 
4078666 
4078667 
4078668 
4078669 
4078670 
4078671 
4078672 
4078673 
4078674 
4078675 
4078676 
4078677 
4078678 
4078679 
4078680 
4078681 
4078682 
4078683 
4078684 
4078685 
4078686 
4078687 
4078688 
4078689 
4078690 
4078691 
4078692 
4078693 
4078694 
4078695 
4078696 
4078697 
4078698 
4078699 
4078700 
4078701 
4078702 
4078703 
4078704 
4078705 
4078706 
4078707 
4078708 
4078709 
4078710 
4078711 
4078712 
4078713 
4078714 
4078715 
4078716 
4078717 
4078718 
4078719 
4078720 
4078721 
4078722 
4078723 
4078724 
4078725 
4078726 
4078727 
4078728 
4078729 
4078730 
4078731 
4078732 
4078733 
4078734 
4078735 
4078736 
4078737 
4078738 
4078739 
4078740 
4078741 
4078742 
4078743 
4078744 
4078745 
4078746 
4078747 
4078748 
4078749 
4078750 
4078751 
4078752 
4078753 
4078754 
4078755 
4078756 
4078757 
4078758 
4078759 
4078760 
4078761 
4078762 
4078763 
4078764 
4078765 
4078766 
4078767 
4078768 
4078769 
4078770 
4078771 
4078772 
4078773 
4078774 
4078775 
4078776 
4078777 
4078778 
4078779 
4078780 
4078781 
4078782 
4078783 
4078784 
4078785 
4078786 
4078787 
4078788 
4078789 
4078790 
4078791 
4078792 
4078793 
4078794 
4078795 
4078796 
4078797 
4078798 
4078799 
4078800 
4078801 
4078802 
4078803 
4078804 
4078805 
4078806 
4078807 
4078808 
4078809 
4078810 
4078811 
4078812 
4078813 
4078814 
4078815 
4078816 
4078817 
4078818 
4078819 
4078820 
4078821 
4078822 
4078823 
4078824 
4078825 
4078826 
4078827 
4078828 
4078829 
4078830 
4078831 
4078832 
4078833 
4078834 
4078835 
4078836 
4078837 
4078838 
4078839 
4078840 
4078841 
4078842 
4078843 
4078844 
4078845 
4078846 
4078847 
4078848 
4078849 
4078850 
4078851 
4078852 
4078853 
4078854 
4078855 
4078856 
4078857 
4078858 
4078859 
4078860 
4078861 
4078862 
4078863 
4078864 
4078865 
4078866 
4078867 
4078868 
4078869 
4078870 
4078871 
4078872 
4078873 
4078874 
4078875 
4078876 
4078877 
4078878 
4078879 
4078880 
4078881 
4078882 
4078883 
4078884 
4078885 
4078886 
4078887 
4078888 
4078889 
4078890 
4078891 
4078892 
4078893 
4078894 
4078895 
4078896 
4078897 
4078898 
4078899 
4078900 
4078901 
4078902 
4078903 
4078904 
4078905 
4078906 
4078907 
4078908 
4078909 
4078910 
4078911 
4078912 
4078913 
4078914 
4078915 
4078916 
4078917 
4078918 
4078919 
4078920 
4078921 
4078922 
4078923 
4078924 
4078925 
4078926 
4078927 
4078928 
4078929 
4078930 
4078931 
4078932 
4078933 
4078934 
4078935 
4078936 
4078937 
4078938 
4078939 
4078940 
4078941 
4078942 
4078943 
4078944 
4078945 
4078946 
4078947 
4078948 
4078949 
4078950 
4078951 
4078952 
4078953 
4078954 
4078955 
4078956 
4078957 
4078958 
4078959 
4078960 
4078961 
4078962 
4078963 
4078964 
4078965 
4078966 
4078967 
4078968 
4078969 
4078970 
4078971 
4078972 
4078973 
4078974 
4078975 
4078976 
4078977 
4078978 
4078979 
4078980 
4078981 
4078982 
4078983 
4078984 
4078985 
4078986 
4078987 
4078988 
4078989 
4078990 
4078991 
4078992 
4078993 
4078994 
4078995 
4078996 
4078997 
4078998 
4078999 
4079000 
4079001 
4079002 
4079003 
4079004 
4079005 
4079006 
4079007 
4079008 
4079009 
4079010 
4079011 
4079012 
4079013 
4079014 
4079015 
4079016 
4079017 
4079018 
4079019 
4079020 
4079021 
4079022 
4079023 
4079024 
4079025 
4079026 
4079027 
4079028 
4079029 
4079030 
4079031 
4079032 
4079033 
4079034 
4079035 
4079036 
4079037 
4079038 
4079039 
4079040 
4079041 
4079042 
4079043 
4079044 
4079045 
4079046 
4079047 
4079048 
4079049 
4079050 
4079051 
4079052 
4079053 
4079054 
4079055 
4079056 
4079057 
4079058 
4079059 
4079060 
4079061 
4079062 
4079063 
4079064 
4079065 
4079066 
4079067 
4079068 
4079069 
4079070 
4079071 
4079072 
4079073 
4079074 
4079075 
4079076 
4079077 
4079078 
4079079 
4079080 
4079081 
4079082 
4079083 
4079084 
4079085 
4079086 
4079087 
4079088 
4079089 
4079090 
4079091 
4079092 
4079093 
4079094 
4079095 
4079096 
4079097 
4079098 
4079099 
4079100 
4079101 
4079102 
4079103 
4079104 
4079105 
4079106 
4079107 
4079108 
4079109 
4079110 
4079111 
4079112 
4079113 
4079114 
4079115 
4079116 
4079117 
4079118 
4079119 
4079120 
4079121 
4079122 
4079123 
4079124 
4079125 
4079126 
4079127 
4079128 
4079129 
4079130 
4079131 
4079132 
4079133 
4079134 
4079135 
4079136 
4079137 
4079138 
4079139 
4079140 
4079141 
4079142 
4079143 
4079144 
4079145 
4079146 
4079147 
4079148 
4079149 
4079150 
4079151 
4079152 
4079153 
4079154 
4079155 
4079156 
4079157 
4079158 
4079159 
4079160 
4079161 
4079162 
4079163 
4079164 
4079165 
4079166 
4079167 
4079168 
4079169 
4079170 
4079171 
4079172 
4079173 
4079174 
4079175 
4079176 
4079177 
4079178 
4079179 
4079180 
4079181 
4079182 
4079183 
4079184 
4079185 
4079186 
4079187 
4079188 
4079189 
4079190 
4079191 
4079192 
4079193 
4079194 
4079195 
4079196 
4079197 
4079198 
4079199 
4079200 
4079201 
4079202 
4079203 
4079204 
4079205 
4079206 
4079207 
4079208 
4079209 
4079210 
4079211 
4079212 
4079213 
4079214 
4079215 
4079216 
4079217 
4079218 
4079219 
4079220 
4079221 
4079222 
4079223 
4079224 
4079225 
4079226 
4079227 
4079228 
4079229 
4079230 
4079231 
4079232 
4079233 
4079234 
4079235 
4079236 
4079237 
4079238 
4079239 
4079240 
4079241 
4079242 
4079243 
4079244 
4079245 
4079246 
4079247 
4079248 
4079249 
4079250 
4079251 
4079252 
4079253 
4079254 
4079255 
4079256 
4079257 
4079258 
4079259 
4079260 
4079261 
4079262 
4079263 
4079264 
4079265 
4079266 
4079267 
4079268 
4079269 
4079270 
4079271 
4079272 
4079273 
4079274 
4079275 
4079276 
4079277 
4079278 
4079279 
4079280 
4079281 
4079282 
4079283 
4079284 
4079285 
4079286 
4079287 
4079288 
4079289 
4079290 
4079291 
4079292 
4079293 
4079294 
4079295 
4079296 
4079297 
4079298 
4079299 
4079300 
4079301 
4079302 
4079303 
4079304 
4079305 
4079306 
4079307 
4079308 
4079309 
4079310 
4079311 
4079312 
4079313 
4079314 
4079315 
4079316 
4079317 
4079318 
4079319 
4079320 
4079321 
4079322 
4079323 
4079324 
4079325 
4079326 
4079327 
4079328 
4079329 
4079330 
4079331 
4079332 
4079333 
4079334 
4079335 
4079336 
4079337 
4079338 
4079339 
4079340 
4079341 
4079342 
4079343 
4079344 
4079345 
4079346 
4079347 
4079348 
4079349 
4079350 
4079351 
4079352 
4079353 
4079354 
4079355 
4079356 
4079357 
4079358 
4079359 
4079360 
4079361 
4079362 
4079363 
4079364 
4079365 
4079366 
4079367 
4079368 
4079369 
4079370 
4079371 
4079372 
4079373 
4079374 
4079375 
4079376 
4079377 
4079378 
4079379 
4079380 
4079381 
4079382 
4079383 
4079384 
4079385 
4079386 
4079387 
4079388 
4079389 
4079390 
4079391 
4079392 
4079393 
4079394 
4079395 
4079396 
4079397 
4079398 
4079399 
4079400 
4079401 
4079402 
4079403 
4079404 
4079405 
4079406 
4079407 
4079408 
4079409 
4079410 
4079411 
4079412 
4079413 
4079414 
4079415 
4079416 
4079417 
4079418 
4079419 
4079420 
4079421 
4079422 
4079423 
4079424 
4079425 
4079426 
4079427 
4079428 
4079429 
4079430 
4079431 
4079432 
4079433 
4079434 
4079435 
4079436 
4079437 
4079438 
4079439 
4079440 
4079441 
4079442 
4079443 
4079444 
4079445 
4079446 
4079447 
4079448 
4079449 
4079450 
4079451 
4079452 
4079453 
4079454 
4079455 
4079456 
4079457 
4079458 
4079459 
4079460 
4079461 
4079462 
4079463 
4079464 
4079465 
4079466 
4079467 
4079468 
4079469 
4079470 
4079471 
4079472 
4079473 
4079474 
4079475 
4079476 
4079477 
4079478 
4079479 
4079480 
4079481 
4079482 
4079483 
4079484 
4079485 
4079486 
4079487 
4079488 
4079489 
4079490 
4079491 
4079492 
4079493 
4079494 
4079495 
4079496 
4079497 
4079498 
4079499 
4079500 
4079501 
4079502 
4079503 
4079504 
4079505 
4079506 
4079507 
4079508 
4079509 
4079510 
4079511 
4079512 
4079513 
4079514 
4079515 
4079516 
4079517 
4079518 
4079519 
4079520 
4079521 
4079522 
4079523 
4079524 
4079525 
4079526 
4079527 
4079528 
4079529 
4079530 
4079531 
4079532 
4079533 
4079534 
4079535 
4079536 
4079537 
4079538 
4079539 
4079540 
4079541 
4079542 
4079543 
4079544 
4079545 
4079546 
4079547 
4079548 
4079549 
4079550 
4079551 
4079552 
4079553 
4079554 
4079555 
4079556 
4079557 
4079558 
4079559 
4079560 
4079561 
4079562 
4079563 
4079564 
4079565 
4079566 
4079567 
4079568 
4079569 
4079570 
4079571 
4079572 
4079573 
4079574 
4079575 
4079576 
4079577 
4079578 
4079579 
4079580 
4079581 
4079582 
4079583 
4079584 
4079585 
4079586 
4079587 
4079588 
4079589 
4079590 
4079591 
4079592 
4079593 
4079594 
4079595 
4079596 
4079597 
4079598 
4079599 
4079600 
4079601 
4079602 
4079603 
4079604 
4079605 
4079606 
4079607 
4079608 
4079609 
4079610 
4079611 
4079612 
4079613 
4079614 
4079615 
)

// ************************************************************************* //
