/*--------------------------------*- C++ -*----------------------------------*\
| =========                 |                                                 |
| \\      /  F ield         | OpenFOAM: The Open Source CFD Toolbox           |
|  \\    /   O peration     | Version:  5.x                                   |
|   \\  /    A nd           | Web:      www.OpenFOAM.org                      |
|    \\/     M anipulation  |                                                 |
\*---------------------------------------------------------------------------*/
FoamFile
{
    version     2.0;
    format      binary;
    class       faceSet;
    location    "constant/polyMesh/sets";
    object      couple1Faces;
}
// * * * * * * * * * * * * * * * * * * * * * * * * * * * * * * * * * * * * * //


1792
(
4173824 
4173825 
4173826 
4173827 
4173828 
4173829 
4173830 
4173831 
4173832 
4173833 
4173834 
4173835 
4173836 
4173837 
4173838 
4173839 
4173840 
4173841 
4173842 
4173843 
4173844 
4173845 
4173846 
4173847 
4173848 
4173849 
4173850 
4173851 
4173852 
4173853 
4173854 
4173855 
4173856 
4173857 
4173858 
4173859 
4173860 
4173861 
4173862 
4173863 
4173864 
4173865 
4173866 
4173867 
4173868 
4173869 
4173870 
4173871 
4173872 
4173873 
4173874 
4173875 
4173876 
4173877 
4173878 
4173879 
4173880 
4173881 
4173882 
4173883 
4173884 
4173885 
4173886 
4173887 
4173888 
4173889 
4173890 
4173891 
4173892 
4173893 
4173894 
4173895 
4173896 
4173897 
4173898 
4173899 
4173900 
4173901 
4173902 
4173903 
4173904 
4173905 
4173906 
4173907 
4173908 
4173909 
4173910 
4173911 
4173912 
4173913 
4173914 
4173915 
4173916 
4173917 
4173918 
4173919 
4173920 
4173921 
4173922 
4173923 
4173924 
4173925 
4173926 
4173927 
4173928 
4173929 
4173930 
4173931 
4173932 
4173933 
4173934 
4173935 
4173936 
4173937 
4173938 
4173939 
4173940 
4173941 
4173942 
4173943 
4173944 
4173945 
4173946 
4173947 
4173948 
4173949 
4173950 
4173951 
4173952 
4173953 
4173954 
4173955 
4173956 
4173957 
4173958 
4173959 
4173960 
4173961 
4173962 
4173963 
4173964 
4173965 
4173966 
4173967 
4173968 
4173969 
4173970 
4173971 
4173972 
4173973 
4173974 
4173975 
4173976 
4173977 
4173978 
4173979 
4173980 
4173981 
4173982 
4173983 
4173984 
4173985 
4173986 
4173987 
4173988 
4173989 
4173990 
4173991 
4173992 
4173993 
4173994 
4173995 
4173996 
4173997 
4173998 
4173999 
4174000 
4174001 
4174002 
4174003 
4174004 
4174005 
4174006 
4174007 
4174008 
4174009 
4174010 
4174011 
4174012 
4174013 
4174014 
4174015 
4174016 
4174017 
4174018 
4174019 
4174020 
4174021 
4174022 
4174023 
4174024 
4174025 
4174026 
4174027 
4174028 
4174029 
4174030 
4174031 
4174032 
4174033 
4174034 
4174035 
4174036 
4174037 
4174038 
4174039 
4174040 
4174041 
4174042 
4174043 
4174044 
4174045 
4174046 
4174047 
4174048 
4174049 
4174050 
4174051 
4174052 
4174053 
4174054 
4174055 
4174056 
4174057 
4174058 
4174059 
4174060 
4174061 
4174062 
4174063 
4174064 
4174065 
4174066 
4174067 
4174068 
4174069 
4174070 
4174071 
4174072 
4174073 
4174074 
4174075 
4174076 
4174077 
4174078 
4174079 
4174080 
4174081 
4174082 
4174083 
4174084 
4174085 
4174086 
4174087 
4174088 
4174089 
4174090 
4174091 
4174092 
4174093 
4174094 
4174095 
4174096 
4174097 
4174098 
4174099 
4174100 
4174101 
4174102 
4174103 
4174104 
4174105 
4174106 
4174107 
4174108 
4174109 
4174110 
4174111 
4174112 
4174113 
4174114 
4174115 
4174116 
4174117 
4174118 
4174119 
4174120 
4174121 
4174122 
4174123 
4174124 
4174125 
4174126 
4174127 
4174128 
4174129 
4174130 
4174131 
4174132 
4174133 
4174134 
4174135 
4174136 
4174137 
4174138 
4174139 
4174140 
4174141 
4174142 
4174143 
4174144 
4174145 
4174146 
4174147 
4174148 
4174149 
4174150 
4174151 
4174152 
4174153 
4174154 
4174155 
4174156 
4174157 
4174158 
4174159 
4174160 
4174161 
4174162 
4174163 
4174164 
4174165 
4174166 
4174167 
4174168 
4174169 
4174170 
4174171 
4174172 
4174173 
4174174 
4174175 
4174176 
4174177 
4174178 
4174179 
4174180 
4174181 
4174182 
4174183 
4174184 
4174185 
4174186 
4174187 
4174188 
4174189 
4174190 
4174191 
4174192 
4174193 
4174194 
4174195 
4174196 
4174197 
4174198 
4174199 
4174200 
4174201 
4174202 
4174203 
4174204 
4174205 
4174206 
4174207 
4174208 
4174209 
4174210 
4174211 
4174212 
4174213 
4174214 
4174215 
4174216 
4174217 
4174218 
4174219 
4174220 
4174221 
4174222 
4174223 
4174224 
4174225 
4174226 
4174227 
4174228 
4174229 
4174230 
4174231 
4174232 
4174233 
4174234 
4174235 
4174236 
4174237 
4174238 
4174239 
4174240 
4174241 
4174242 
4174243 
4174244 
4174245 
4174246 
4174247 
4174248 
4174249 
4174250 
4174251 
4174252 
4174253 
4174254 
4174255 
4174256 
4174257 
4174258 
4174259 
4174260 
4174261 
4174262 
4174263 
4174264 
4174265 
4174266 
4174267 
4174268 
4174269 
4174270 
4174271 
4174272 
4174273 
4174274 
4174275 
4174276 
4174277 
4174278 
4174279 
4174280 
4174281 
4174282 
4174283 
4174284 
4174285 
4174286 
4174287 
4174288 
4174289 
4174290 
4174291 
4174292 
4174293 
4174294 
4174295 
4174296 
4174297 
4174298 
4174299 
4174300 
4174301 
4174302 
4174303 
4174304 
4174305 
4174306 
4174307 
4174308 
4174309 
4174310 
4174311 
4174312 
4174313 
4174314 
4174315 
4174316 
4174317 
4174318 
4174319 
4174320 
4174321 
4174322 
4174323 
4174324 
4174325 
4174326 
4174327 
4174328 
4174329 
4174330 
4174331 
4174332 
4174333 
4174334 
4174335 
4174336 
4174337 
4174338 
4174339 
4174340 
4174341 
4174342 
4174343 
4174344 
4174345 
4174346 
4174347 
4174348 
4174349 
4174350 
4174351 
4174352 
4174353 
4174354 
4174355 
4174356 
4174357 
4174358 
4174359 
4174360 
4174361 
4174362 
4174363 
4174364 
4174365 
4174366 
4174367 
4174368 
4174369 
4174370 
4174371 
4174372 
4174373 
4174374 
4174375 
4174376 
4174377 
4174378 
4174379 
4174380 
4174381 
4174382 
4174383 
4174384 
4174385 
4174386 
4174387 
4174388 
4174389 
4174390 
4174391 
4174392 
4174393 
4174394 
4174395 
4174396 
4174397 
4174398 
4174399 
4174400 
4174401 
4174402 
4174403 
4174404 
4174405 
4174406 
4174407 
4174408 
4174409 
4174410 
4174411 
4174412 
4174413 
4174414 
4174415 
4174416 
4174417 
4174418 
4174419 
4174420 
4174421 
4174422 
4174423 
4174424 
4174425 
4174426 
4174427 
4174428 
4174429 
4174430 
4174431 
4174432 
4174433 
4174434 
4174435 
4174436 
4174437 
4174438 
4174439 
4174440 
4174441 
4174442 
4174443 
4174444 
4174445 
4174446 
4174447 
4174448 
4174449 
4174450 
4174451 
4174452 
4174453 
4174454 
4174455 
4174456 
4174457 
4174458 
4174459 
4174460 
4174461 
4174462 
4174463 
4174464 
4174465 
4174466 
4174467 
4174468 
4174469 
4174470 
4174471 
4174472 
4174473 
4174474 
4174475 
4174476 
4174477 
4174478 
4174479 
4174480 
4174481 
4174482 
4174483 
4174484 
4174485 
4174486 
4174487 
4174488 
4174489 
4174490 
4174491 
4174492 
4174493 
4174494 
4174495 
4174496 
4174497 
4174498 
4174499 
4174500 
4174501 
4174502 
4174503 
4174504 
4174505 
4174506 
4174507 
4174508 
4174509 
4174510 
4174511 
4174512 
4174513 
4174514 
4174515 
4174516 
4174517 
4174518 
4174519 
4174520 
4174521 
4174522 
4174523 
4174524 
4174525 
4174526 
4174527 
4174528 
4174529 
4174530 
4174531 
4174532 
4174533 
4174534 
4174535 
4174536 
4174537 
4174538 
4174539 
4174540 
4174541 
4174542 
4174543 
4174544 
4174545 
4174546 
4174547 
4174548 
4174549 
4174550 
4174551 
4174552 
4174553 
4174554 
4174555 
4174556 
4174557 
4174558 
4174559 
4174560 
4174561 
4174562 
4174563 
4174564 
4174565 
4174566 
4174567 
4174568 
4174569 
4174570 
4174571 
4174572 
4174573 
4174574 
4174575 
4174576 
4174577 
4174578 
4174579 
4174580 
4174581 
4174582 
4174583 
4174584 
4174585 
4174586 
4174587 
4174588 
4174589 
4174590 
4174591 
4174592 
4174593 
4174594 
4174595 
4174596 
4174597 
4174598 
4174599 
4174600 
4174601 
4174602 
4174603 
4174604 
4174605 
4174606 
4174607 
4174608 
4174609 
4174610 
4174611 
4174612 
4174613 
4174614 
4174615 
4174616 
4174617 
4174618 
4174619 
4174620 
4174621 
4174622 
4174623 
4174624 
4174625 
4174626 
4174627 
4174628 
4174629 
4174630 
4174631 
4174632 
4174633 
4174634 
4174635 
4174636 
4174637 
4174638 
4174639 
4174640 
4174641 
4174642 
4174643 
4174644 
4174645 
4174646 
4174647 
4174648 
4174649 
4174650 
4174651 
4174652 
4174653 
4174654 
4174655 
4174656 
4174657 
4174658 
4174659 
4174660 
4174661 
4174662 
4174663 
4174664 
4174665 
4174666 
4174667 
4174668 
4174669 
4174670 
4174671 
4174672 
4174673 
4174674 
4174675 
4174676 
4174677 
4174678 
4174679 
4174680 
4174681 
4174682 
4174683 
4174684 
4174685 
4174686 
4174687 
4174688 
4174689 
4174690 
4174691 
4174692 
4174693 
4174694 
4174695 
4174696 
4174697 
4174698 
4174699 
4174700 
4174701 
4174702 
4174703 
4174704 
4174705 
4174706 
4174707 
4174708 
4174709 
4174710 
4174711 
4174712 
4174713 
4174714 
4174715 
4174716 
4174717 
4174718 
4174719 
4174720 
4174721 
4174722 
4174723 
4174724 
4174725 
4174726 
4174727 
4174728 
4174729 
4174730 
4174731 
4174732 
4174733 
4174734 
4174735 
4174736 
4174737 
4174738 
4174739 
4174740 
4174741 
4174742 
4174743 
4174744 
4174745 
4174746 
4174747 
4174748 
4174749 
4174750 
4174751 
4174752 
4174753 
4174754 
4174755 
4174756 
4174757 
4174758 
4174759 
4174760 
4174761 
4174762 
4174763 
4174764 
4174765 
4174766 
4174767 
4174768 
4174769 
4174770 
4174771 
4174772 
4174773 
4174774 
4174775 
4174776 
4174777 
4174778 
4174779 
4174780 
4174781 
4174782 
4174783 
4174784 
4174785 
4174786 
4174787 
4174788 
4174789 
4174790 
4174791 
4174792 
4174793 
4174794 
4174795 
4174796 
4174797 
4174798 
4174799 
4174800 
4174801 
4174802 
4174803 
4174804 
4174805 
4174806 
4174807 
4174808 
4174809 
4174810 
4174811 
4174812 
4174813 
4174814 
4174815 
4174816 
4174817 
4174818 
4174819 
4174820 
4174821 
4174822 
4174823 
4174824 
4174825 
4174826 
4174827 
4174828 
4174829 
4174830 
4174831 
4174832 
4174833 
4174834 
4174835 
4174836 
4174837 
4174838 
4174839 
4174840 
4174841 
4174842 
4174843 
4174844 
4174845 
4174846 
4174847 
4174848 
4174849 
4174850 
4174851 
4174852 
4174853 
4174854 
4174855 
4174856 
4174857 
4174858 
4174859 
4174860 
4174861 
4174862 
4174863 
4174864 
4174865 
4174866 
4174867 
4174868 
4174869 
4174870 
4174871 
4174872 
4174873 
4174874 
4174875 
4174876 
4174877 
4174878 
4174879 
4174880 
4174881 
4174882 
4174883 
4174884 
4174885 
4174886 
4174887 
4174888 
4174889 
4174890 
4174891 
4174892 
4174893 
4174894 
4174895 
4174896 
4174897 
4174898 
4174899 
4174900 
4174901 
4174902 
4174903 
4174904 
4174905 
4174906 
4174907 
4174908 
4174909 
4174910 
4174911 
4174912 
4174913 
4174914 
4174915 
4174916 
4174917 
4174918 
4174919 
4174920 
4174921 
4174922 
4174923 
4174924 
4174925 
4174926 
4174927 
4174928 
4174929 
4174930 
4174931 
4174932 
4174933 
4174934 
4174935 
4174936 
4174937 
4174938 
4174939 
4174940 
4174941 
4174942 
4174943 
4174944 
4174945 
4174946 
4174947 
4174948 
4174949 
4174950 
4174951 
4174952 
4174953 
4174954 
4174955 
4174956 
4174957 
4174958 
4174959 
4174960 
4174961 
4174962 
4174963 
4174964 
4174965 
4174966 
4174967 
4174968 
4174969 
4174970 
4174971 
4174972 
4174973 
4174974 
4174975 
4174976 
4174977 
4174978 
4174979 
4174980 
4174981 
4174982 
4174983 
4174984 
4174985 
4174986 
4174987 
4174988 
4174989 
4174990 
4174991 
4174992 
4174993 
4174994 
4174995 
4174996 
4174997 
4174998 
4174999 
4175000 
4175001 
4175002 
4175003 
4175004 
4175005 
4175006 
4175007 
4175008 
4175009 
4175010 
4175011 
4175012 
4175013 
4175014 
4175015 
4175016 
4175017 
4175018 
4175019 
4175020 
4175021 
4175022 
4175023 
4175024 
4175025 
4175026 
4175027 
4175028 
4175029 
4175030 
4175031 
4175032 
4175033 
4175034 
4175035 
4175036 
4175037 
4175038 
4175039 
4175040 
4175041 
4175042 
4175043 
4175044 
4175045 
4175046 
4175047 
4175048 
4175049 
4175050 
4175051 
4175052 
4175053 
4175054 
4175055 
4175056 
4175057 
4175058 
4175059 
4175060 
4175061 
4175062 
4175063 
4175064 
4175065 
4175066 
4175067 
4175068 
4175069 
4175070 
4175071 
4175072 
4175073 
4175074 
4175075 
4175076 
4175077 
4175078 
4175079 
4175080 
4175081 
4175082 
4175083 
4175084 
4175085 
4175086 
4175087 
4175088 
4175089 
4175090 
4175091 
4175092 
4175093 
4175094 
4175095 
4175096 
4175097 
4175098 
4175099 
4175100 
4175101 
4175102 
4175103 
4175104 
4175105 
4175106 
4175107 
4175108 
4175109 
4175110 
4175111 
4175112 
4175113 
4175114 
4175115 
4175116 
4175117 
4175118 
4175119 
4175120 
4175121 
4175122 
4175123 
4175124 
4175125 
4175126 
4175127 
4175128 
4175129 
4175130 
4175131 
4175132 
4175133 
4175134 
4175135 
4175136 
4175137 
4175138 
4175139 
4175140 
4175141 
4175142 
4175143 
4175144 
4175145 
4175146 
4175147 
4175148 
4175149 
4175150 
4175151 
4175152 
4175153 
4175154 
4175155 
4175156 
4175157 
4175158 
4175159 
4175160 
4175161 
4175162 
4175163 
4175164 
4175165 
4175166 
4175167 
4175168 
4175169 
4175170 
4175171 
4175172 
4175173 
4175174 
4175175 
4175176 
4175177 
4175178 
4175179 
4175180 
4175181 
4175182 
4175183 
4175184 
4175185 
4175186 
4175187 
4175188 
4175189 
4175190 
4175191 
4175192 
4175193 
4175194 
4175195 
4175196 
4175197 
4175198 
4175199 
4175200 
4175201 
4175202 
4175203 
4175204 
4175205 
4175206 
4175207 
4175208 
4175209 
4175210 
4175211 
4175212 
4175213 
4175214 
4175215 
4175216 
4175217 
4175218 
4175219 
4175220 
4175221 
4175222 
4175223 
4175224 
4175225 
4175226 
4175227 
4175228 
4175229 
4175230 
4175231 
4175232 
4175233 
4175234 
4175235 
4175236 
4175237 
4175238 
4175239 
4175240 
4175241 
4175242 
4175243 
4175244 
4175245 
4175246 
4175247 
4175248 
4175249 
4175250 
4175251 
4175252 
4175253 
4175254 
4175255 
4175256 
4175257 
4175258 
4175259 
4175260 
4175261 
4175262 
4175263 
4175264 
4175265 
4175266 
4175267 
4175268 
4175269 
4175270 
4175271 
4175272 
4175273 
4175274 
4175275 
4175276 
4175277 
4175278 
4175279 
4175280 
4175281 
4175282 
4175283 
4175284 
4175285 
4175286 
4175287 
4175288 
4175289 
4175290 
4175291 
4175292 
4175293 
4175294 
4175295 
4175296 
4175297 
4175298 
4175299 
4175300 
4175301 
4175302 
4175303 
4175304 
4175305 
4175306 
4175307 
4175308 
4175309 
4175310 
4175311 
4175312 
4175313 
4175314 
4175315 
4175316 
4175317 
4175318 
4175319 
4175320 
4175321 
4175322 
4175323 
4175324 
4175325 
4175326 
4175327 
4175328 
4175329 
4175330 
4175331 
4175332 
4175333 
4175334 
4175335 
4175336 
4175337 
4175338 
4175339 
4175340 
4175341 
4175342 
4175343 
4175344 
4175345 
4175346 
4175347 
4175348 
4175349 
4175350 
4175351 
4175352 
4175353 
4175354 
4175355 
4175356 
4175357 
4175358 
4175359 
4175360 
4175361 
4175362 
4175363 
4175364 
4175365 
4175366 
4175367 
4175368 
4175369 
4175370 
4175371 
4175372 
4175373 
4175374 
4175375 
4175376 
4175377 
4175378 
4175379 
4175380 
4175381 
4175382 
4175383 
4175384 
4175385 
4175386 
4175387 
4175388 
4175389 
4175390 
4175391 
4175392 
4175393 
4175394 
4175395 
4175396 
4175397 
4175398 
4175399 
4175400 
4175401 
4175402 
4175403 
4175404 
4175405 
4175406 
4175407 
4175408 
4175409 
4175410 
4175411 
4175412 
4175413 
4175414 
4175415 
4175416 
4175417 
4175418 
4175419 
4175420 
4175421 
4175422 
4175423 
4175424 
4175425 
4175426 
4175427 
4175428 
4175429 
4175430 
4175431 
4175432 
4175433 
4175434 
4175435 
4175436 
4175437 
4175438 
4175439 
4175440 
4175441 
4175442 
4175443 
4175444 
4175445 
4175446 
4175447 
4175448 
4175449 
4175450 
4175451 
4175452 
4175453 
4175454 
4173663 
4173664 
4173665 
4173666 
4173667 
4173668 
4173669 
4173670 
4173671 
4173672 
4173673 
4173674 
4173675 
4173676 
4173677 
4173678 
4173679 
4173680 
4173681 
4173682 
4173683 
4173684 
4173685 
4173686 
4173687 
4173688 
4173689 
4173690 
4173691 
4173692 
4173693 
4173694 
4173695 
4173696 
4173697 
4173698 
4173699 
4173700 
4173701 
4173702 
4173703 
4173704 
4173705 
4173706 
4173707 
4173708 
4173709 
4173710 
4173711 
4173712 
4173713 
4173714 
4173715 
4173716 
4173717 
4173718 
4173719 
4173720 
4173721 
4173722 
4173723 
4173724 
4173725 
4173726 
4173727 
4173728 
4173729 
4173730 
4173731 
4173732 
4173733 
4173734 
4173735 
4173736 
4173737 
4173738 
4173739 
4173740 
4173741 
4173742 
4173743 
4173744 
4173745 
4173746 
4173747 
4173748 
4173749 
4173750 
4173751 
4173752 
4173753 
4173754 
4173755 
4173756 
4173757 
4173758 
4173759 
4173760 
4173761 
4173762 
4173763 
4173764 
4173765 
4173766 
4173767 
4173768 
4173769 
4173770 
4173771 
4173772 
4173773 
4173774 
4173775 
4173776 
4173777 
4173778 
4173779 
4173780 
4173781 
4173782 
4173783 
4173784 
4173785 
4173786 
4173787 
4173788 
4173789 
4173790 
4173791 
4173792 
4173793 
4173794 
4173795 
4173796 
4173797 
4173798 
4173799 
4173800 
4173801 
4173802 
4173803 
4173804 
4173805 
4173806 
4173807 
4173808 
4173809 
4173810 
4173811 
4173812 
4173813 
4173814 
4173815 
4173816 
4173817 
4173818 
4173819 
4173820 
4173821 
4173822 
4173823 
)

// ************************************************************************* //
